0 0.119623 0.570284 0.164179 0.190902
0 0.190702 0.257125 0.146507 0.142713
0 0.369555 0.806893 0.0714604 0.0704843
0 0.562218 0.477606 0.0869363 0.104918
0 0.341471 0.543942 0.0792901 0.0460321
0 0.857524 0.59058 0.0921516 0.0499393
0 0.328366 0.250289 0.0805923 0.0544373
0 0.333381 0.66973 0.119777 0.0304356
0 0.349061 0.394761 0.0784649 0.0430301
0 0.529462 0.23024 0.0469351 0.106647
0 0.83358 0.387596 0.0755215 0.0321404
0 0.0590314 0.681634 0.118063 0.208646
0 0.503743 0.53803 0.991594 0.92394
