0 0.132031 0.975000 0.026562 0.050000
0 0.500000 0.860156 1.000000 0.101562
0 0.554688 0.810937 0.012500 0.031250
0 0.078125 0.808594 0.012500 0.039062
0 0.369531 0.809375 0.064062 0.062500
0 0.214844 0.773438 0.070312 0.143750
0 0.332813 0.670312 0.106250 0.012500
0 0.057031 0.706250 0.114062 0.159375
0 0.564844 0.653125 0.014063 0.059375
0 0.857031 0.596094 0.082812 0.054688
0 0.340625 0.544531 0.068750 0.042188
0 0.121094 0.570312 0.151562 0.171875
0 0.542969 0.497656 0.045312 0.048438
0 0.833594 0.388281 0.060937 0.020313
0 0.346094 0.396094 0.064062 0.039062
0 0.329688 0.249219 0.078125 0.048438
0 0.500000 0.245312 1.000000 0.134375
0 0.014063 0.021094 0.028125 0.042188
