0 0.067969 0.971875 0.026562 0.056250
0 0.500000 0.913281 1.000000 0.057813
0 0.141406 0.739062 0.045312 0.081250
0 0.397656 0.682031 0.079687 0.026562
0 0.158594 0.587500 0.029687 0.053125
0 0.255469 0.571094 0.035937 0.060937
0 0.657031 0.482031 0.060937 0.017188
0 0.699219 0.449219 0.076563 0.020313
0 0.424219 0.456250 0.035937 0.053125
0 0.149219 0.405469 0.045312 0.067187
0 0.392188 0.250000 0.043750 0.112500
0 0.143750 0.217969 0.046875 0.054688
0 0.513281 0.225781 0.973437 0.145313
0 0.032031 0.033594 0.064062 0.042188
