0 0.407813 0.818750 0.815625 0.009375
0 0.188281 0.722656 0.067187 0.079687
0 0.367188 0.663281 0.015625 0.054688
0 0.380469 0.550000 0.020313 0.065625
0 0.180469 0.538281 0.073438 0.085938
0 0.399219 0.406250 0.151562 0.093750
0 0.220312 0.352344 0.040625 0.023438
0 0.166406 0.329688 0.042188 0.025000
0 0.787500 0.454688 0.359375 0.325000
0 0.349219 0.183594 0.029687 0.060937
0 0.887500 0.166406 0.046875 0.057813
0 0.200000 0.178906 0.012500 0.082812
0 0.500000 0.096094 1.000000 0.035937
0 0.323437 0.057031 0.053125 0.042188
