0 0.059375 0.865625 0.040625 0.065625
0 0.928906 0.812500 0.101562 0.006250
0 0.642188 0.861719 0.456250 0.104688
0 0.402344 0.842187 0.776563 0.103125
0 0.010156 0.660937 0.020313 0.040625
0 0.327344 0.549219 0.142187 0.032813
0 0.428125 0.507031 0.034375 0.023438
0 0.128125 0.446875 0.187500 0.071875
0 0.307812 0.395313 0.021875 0.031250
0 0.389062 0.358594 0.050000 0.029687
0 0.258594 0.361719 0.035937 0.035937
0 0.096875 0.358594 0.028125 0.039062
0 0.508594 0.323437 0.176563 0.040625
0 0.020313 0.257812 0.040625 0.018750
0 0.071875 0.246094 0.031250 0.020313
0 0.172656 0.207031 0.164062 0.073438
0 0.500000 0.099219 1.000000 0.010937
