0 0.039844 0.901563 0.023438 0.068750
0 0.500000 0.818750 1.000000 0.012500
0 0.946875 0.717969 0.056250 0.023438
0 0.580469 0.703125 0.064062 0.028125
0 0.246094 0.627344 0.017188 0.095312
0 0.670312 0.545312 0.053125 0.068750
0 0.925000 0.528125 0.015625 0.059375
0 0.983594 0.408594 0.032813 0.014063
0 0.925781 0.407031 0.070312 0.014063
0 0.648438 0.382812 0.012500 0.043750
0 0.292969 0.295312 0.017188 0.031250
0 0.285156 0.242188 0.020313 0.050000
0 0.282031 0.317969 0.132812 0.242188
0 0.939844 0.162500 0.089063 0.018750
0 0.656250 0.145313 0.025000 0.056250
0 0.668750 0.127344 0.028125 0.051562
0 0.512500 0.096094 0.975000 0.014063
