0 0.071875 0.28984375 0.04375 0.0734375
0 0.05859375 0.478125 0.0859375 0.06640625
0 0.17734375 0.63671875 0.2734375 0.06796875
0 0.39765625 0.65546875 0.1046875 0.13046875
0 0.2609375 0.46796875 0.1 0.05859375
0 0.475 0.47421875 0.05625 0.090625
0 0.40546875 0.28125 0.0390625 0.12109375
0 0.25625 0.25390625 0.1 0.025
0 0.67421875 0.25078125 0.0265625 0.07890625
0 0.65625 0.4765625 0.09140625 0.01875
0 0.6171875 0.61640625 0.13203125 0.0484375
0 0.78125 0.63203125 0.08515625 0.1609375
0 0.5140625 0.84296875 0.10390625 0.0734375
0 0.8546875 0.49140625 0.03828125 0.0171875
0 0.87421875 0.26796875 0.06484375 0.11171875
0 0.971875 0.64140625 0.0515625 0.0171875